10,184
10,234
10,312
10,132
10,172
10,102
10,34
10,244
11,12
11,14
11,6
11,4
11,28
11,20
11,10
9,4
9,6
8,6
8,11
8,12
8,10
43,4
43,3
43,2
43,1
43,0
42,3
42,2
42,1
42,0
41,5
41,4
41,3
41,2
41,1
41,0
40,3
40,2
40,1
40,0
39,3
39,2
39,1
39,0
38,4
38,3
38,2
38,1
38,0
20,3
20,2
20,1
19,3
19,2
19,1
12,3
12,2
12,1
11,29
11,21
11,19
11,17
11,15
11,13
11,7
11,5
18,1
11,3
11,2
18,3
11,1
10,297
10,281
10,267
10,263
10,183
14,1
10,171
10,167
14,3
10,151
10,141
13,1
10,135
13,3
10,67
10,31
10,17
10,3
10,2
10,1
9,7
9,5
9,3
9,2
